<html>
	<head>
		<style>
			.container {
				padding-left: 135px;
				padding-top: 70px;
			}
			
			.background {
				position: absolute;
				z-index: -1;
				border: 1px solid #ccc;
			}
			.phone-top {
				display: block;
			}
			
			.phone-bottom {
				display: block;
				margin-left: 6px;
				margin-top: -14px;
			}
		</style>
	</head>
	<body>
		<img class="background" src="images/background.svg"/>
		<div class="container">
			<img class="phone-top" src="images/phone-top.svg" />
			<img class="phone-bottom" src="images/phone-bottom.svg" />
		</div>
	</body>
	<style>
.phone-top {
  -webkit-animation: animation 2800ms linear infinite both;
  animation: animation 2800ms linear infinite both;
}

/* Generated with Bounce.js. Edit at http://goo.gl/EssPHZ */

@-webkit-keyframes animation { 
  0% { -webkit-transform: matrix3d(1, 0, 0, 0, 0, 1, 0, 0, 0, 0, 1, 0, 0, 0, 0, 1); transform: matrix3d(1, 0, 0, 0, 0, 1, 0, 0, 0, 0, 1, 0, 0, 0, 0, 1); }
  17.76% { -webkit-transform: matrix3d(1, 0, 0, 0, 0, 1, 0, 0, 0, 0, 1, 0, 0, 0, 0, 1); transform: matrix3d(1, 0, 0, 0, 0, 1, 0, 0, 0, 0, 1, 0, 0, 0, 0, 1); }
  17.86% { -webkit-transform: matrix3d(1, 0, 0, 0, 0, 1, 0, 0, 0, 0, 1, 0, 0, 0, 0, 1); transform: matrix3d(1, 0, 0, 0, 0, 1, 0, 0, 0, 0, 1, 0, 0, 0, 0, 1); }
  18.63% { -webkit-transform: matrix3d(1, 0, 0, 0, 0, 1, 0, 0, 0, 0, 1, 0, 0, -5.143, 0, 1); transform: matrix3d(1, 0, 0, 0, 0, 1, 0, 0, 0, 0, 1, 0, 0, -5.143, 0, 1); }
  19.39% { -webkit-transform: matrix3d(1, 0, 0, 0, 0, 1, 0, 0, 0, 0, 1, 0, 0, -8.786, 0, 1); transform: matrix3d(1, 0, 0, 0, 0, 1, 0, 0, 0, 0, 1, 0, 0, -8.786, 0, 1); }
  20.16% { -webkit-transform: matrix3d(1, 0, 0, 0, 0, 1, 0, 0, 0, 0, 1, 0, 0, -10.523, 0, 1); transform: matrix3d(1, 0, 0, 0, 0, 1, 0, 0, 0, 0, 1, 0, 0, -10.523, 0, 1); }
  20.93% { -webkit-transform: matrix3d(1, 0, 0, 0, 0, 1, 0, 0, 0, 0, 1, 0, 0, -10.933, 0, 1); transform: matrix3d(1, 0, 0, 0, 0, 1, 0, 0, 0, 0, 1, 0, 0, -10.933, 0, 1); }
  22.92% { -webkit-transform: matrix3d(1, 0, 0, 0, 0, 1, 0, 0, 0, 0, 1, 0, 0, -10.206, 0, 1); transform: matrix3d(1, 0, 0, 0, 0, 1, 0, 0, 0, 0, 1, 0, 0, -10.206, 0, 1); }
  24.9% { -webkit-transform: matrix3d(1, 0, 0, 0, 0, 1, 0, 0, 0, 0, 1, 0, 0, -9.938, 0, 1); transform: matrix3d(1, 0, 0, 0, 0, 1, 0, 0, 0, 0, 1, 0, 0, -9.938, 0, 1); }
  28.87% { -webkit-transform: matrix3d(1, 0, 0, 0, 0, 1, 0, 0, 0, 0, 1, 0, 0, -10.004, 0, 1); transform: matrix3d(1, 0, 0, 0, 0, 1, 0, 0, 0, 0, 1, 0, 0, -10.004, 0, 1); }
  32.85% { -webkit-transform: matrix3d(1, 0, 0, 0, 0, 1, 0, 0, 0, 0, 1, 0, 0, -10, 0, 1); transform: matrix3d(1, 0, 0, 0, 0, 1, 0, 0, 0, 0, 1, 0, 0, -10, 0, 1); }
  35.61% { -webkit-transform: matrix3d(1, 0, 0, 0, 0, 1, 0, 0, 0, 0, 1, 0, 0, -10, 0, 1); transform: matrix3d(1, 0, 0, 0, 0, 1, 0, 0, 0, 0, 1, 0, 0, -10, 0, 1); }
  35.71% { -webkit-transform: matrix3d(1, 0, 0, 0, 0, 1, 0, 0, 0, 0, 1, 0, 0, -10, 0, 1); transform: matrix3d(1, 0, 0, 0, 0, 1, 0, 0, 0, 0, 1, 0, 0, -10, 0, 1); }
  35.87% { -webkit-transform: matrix3d(0.999, 0.045, 0, 0, -0.045, 0.999, 0, 0, 0, 0, 1, 0, 0, -10, 0, 1); transform: matrix3d(0.999, 0.045, 0, 0, -0.045, 0.999, 0, 0, 0, 0, 1, 0, 0, -10, 0, 1); }
  36.02% { -webkit-transform: matrix3d(0.997, 0.077, 0, 0, -0.077, 0.997, 0, 0, 0, 0, 1, 0, 0, -10, 0, 1); transform: matrix3d(0.997, 0.077, 0, 0, -0.077, 0.997, 0, 0, 0, 0, 1, 0, 0, -10, 0, 1); }
  36.18% { -webkit-transform: matrix3d(0.996, 0.092, 0, 0, -0.092, 0.996, 0, 0, 0, 0, 1, 0, 0, -10, 0, 1); transform: matrix3d(0.996, 0.092, 0, 0, -0.092, 0.996, 0, 0, 0, 0, 1, 0, 0, -10, 0, 1); }
  36.33% { -webkit-transform: matrix3d(0.995, 0.095, 0, 0, -0.095, 0.995, 0, 0, 0, 0, 1, 0, 0, -10, 0, 1); transform: matrix3d(0.995, 0.095, 0, 0, -0.095, 0.995, 0, 0, 0, 0, 1, 0, 0, -10, 0, 1); }
  36.73% { -webkit-transform: matrix3d(0.996, 0.089, 0, 0, -0.089, 0.996, 0, 0, 0, 0, 1, 0, 0, -10, 0, 1); transform: matrix3d(0.996, 0.089, 0, 0, -0.089, 0.996, 0, 0, 0, 0, 1, 0, 0, -10, 0, 1); }
  37.12% { -webkit-transform: matrix3d(0.996, 0.087, 0, 0, -0.087, 0.996, 0, 0, 0, 0, 1, 0, 0, -10, 0, 1); transform: matrix3d(0.996, 0.087, 0, 0, -0.087, 0.996, 0, 0, 0, 0, 1, 0, 0, -10, 0, 1); }
  37.92% { -webkit-transform: matrix3d(0.996, 0.087, 0, 0, -0.087, 0.996, 0, 0, 0, 0, 1, 0, 0, -10, 0, 1); transform: matrix3d(0.996, 0.087, 0, 0, -0.087, 0.996, 0, 0, 0, 0, 1, 0, 0, -10, 0, 1); }
  38.71% { -webkit-transform: matrix3d(0.996, 0.087, 0, 0, -0.087, 0.996, 0, 0, 0, 0, 1, 0, 0, -10, 0, 1); transform: matrix3d(0.996, 0.087, 0, 0, -0.087, 0.996, 0, 0, 0, 0, 1, 0, 0, -10, 0, 1); }
  39.19% { -webkit-transform: matrix3d(0.996, 0.087, 0, 0, -0.087, 0.996, 0, 0, 0, 0, 1, 0, 0, -10, 0, 1); transform: matrix3d(0.996, 0.087, 0, 0, -0.087, 0.996, 0, 0, 0, 0, 1, 0, 0, -10, 0, 1); }
  39.29% { -webkit-transform: matrix3d(0.996, 0.087, 0, 0, -0.087, 0.996, 0, 0, 0, 0, 1, 0, 0, -10, 0, 1); transform: matrix3d(0.996, 0.087, 0, 0, -0.087, 0.996, 0, 0, 0, 0, 1, 0, 0, -10, 0, 1); }
  39.44% { -webkit-transform: matrix3d(1, -0.002, 0, 0, 0.002, 1, 0, 0, 0, 0, 1, 0, 0, -10, 0, 1); transform: matrix3d(1, -0.002, 0, 0, 0.002, 1, 0, 0, 0, 0, 1, 0, 0, -10, 0, 1); }
  39.59% { -webkit-transform: matrix3d(0.998, -0.066, 0, 0, 0.066, 0.998, 0, 0, 0, 0, 1, 0, 0, -10, 0, 1); transform: matrix3d(0.998, -0.066, 0, 0, 0.066, 0.998, 0, 0, 0, 0, 1, 0, 0, -10, 0, 1); }
  39.75% { -webkit-transform: matrix3d(0.995, -0.096, 0, 0, 0.096, 0.995, 0, 0, 0, 0, 1, 0, 0, -10, 0, 1); transform: matrix3d(0.995, -0.096, 0, 0, 0.096, 0.995, 0, 0, 0, 0, 1, 0, 0, -10, 0, 1); }
  39.9% { -webkit-transform: matrix3d(0.995, -0.103, 0, 0, 0.103, 0.995, 0, 0, 0, 0, 1, 0, 0, -10, 0, 1); transform: matrix3d(0.995, -0.103, 0, 0, 0.103, 0.995, 0, 0, 0, 0, 1, 0, 0, -10, 0, 1); }
  40.3% { -webkit-transform: matrix3d(0.996, -0.091, 0, 0, 0.091, 0.996, 0, 0, 0, 0, 1, 0, 0, -10, 0, 1); transform: matrix3d(0.996, -0.091, 0, 0, 0.091, 0.996, 0, 0, 0, 0, 1, 0, 0, -10, 0, 1); }
  40.69% { -webkit-transform: matrix3d(0.996, -0.086, 0, 0, 0.086, 0.996, 0, 0, 0, 0, 1, 0, 0, -10, 0, 1); transform: matrix3d(0.996, -0.086, 0, 0, 0.086, 0.996, 0, 0, 0, 0, 1, 0, 0, -10, 0, 1); }
  41.49% { -webkit-transform: matrix3d(0.996, -0.087, 0, 0, 0.087, 0.996, 0, 0, 0, 0, 1, 0, 0, -10, 0, 1); transform: matrix3d(0.996, -0.087, 0, 0, 0.087, 0.996, 0, 0, 0, 0, 1, 0, 0, -10, 0, 1); }
  42.29% { -webkit-transform: matrix3d(0.996, -0.087, 0, 0, 0.087, 0.996, 0, 0, 0, 0, 1, 0, 0, -10, 0, 1); transform: matrix3d(0.996, -0.087, 0, 0, 0.087, 0.996, 0, 0, 0, 0, 1, 0, 0, -10, 0, 1); }
  42.76% { -webkit-transform: matrix3d(0.996, -0.087, 0, 0, 0.087, 0.996, 0, 0, 0, 0, 1, 0, 0, -10, 0, 1); transform: matrix3d(0.996, -0.087, 0, 0, 0.087, 0.996, 0, 0, 0, 0, 1, 0, 0, -10, 0, 1); }
  42.86% { -webkit-transform: matrix3d(0.996, -0.087, 0, 0, 0.087, 0.996, 0, 0, 0, 0, 1, 0, 0, -10, 0, 1); transform: matrix3d(0.996, -0.087, 0, 0, 0.087, 0.996, 0, 0, 0, 0, 1, 0, 0, -10, 0, 1); }
  43.01% { -webkit-transform: matrix3d(1, 0.002, 0, 0, -0.002, 1, 0, 0, 0, 0, 1, 0, 0, -10, 0, 1); transform: matrix3d(1, 0.002, 0, 0, -0.002, 1, 0, 0, 0, 0, 1, 0, 0, -10, 0, 1); }
  43.16% { -webkit-transform: matrix3d(0.998, 0.066, 0, 0, -0.066, 0.998, 0, 0, 0, 0, 1, 0, 0, -10, 0, 1); transform: matrix3d(0.998, 0.066, 0, 0, -0.066, 0.998, 0, 0, 0, 0, 1, 0, 0, -10, 0, 1); }
  43.32% { -webkit-transform: matrix3d(0.995, 0.096, 0, 0, -0.096, 0.995, 0, 0, 0, 0, 1, 0, 0, -10, 0, 1); transform: matrix3d(0.995, 0.096, 0, 0, -0.096, 0.995, 0, 0, 0, 0, 1, 0, 0, -10, 0, 1); }
  43.47% { -webkit-transform: matrix3d(0.995, 0.103, 0, 0, -0.103, 0.995, 0, 0, 0, 0, 1, 0, 0, -10, 0, 1); transform: matrix3d(0.995, 0.103, 0, 0, -0.103, 0.995, 0, 0, 0, 0, 1, 0, 0, -10, 0, 1); }
  43.87% { -webkit-transform: matrix3d(0.996, 0.091, 0, 0, -0.091, 0.996, 0, 0, 0, 0, 1, 0, 0, -10, 0, 1); transform: matrix3d(0.996, 0.091, 0, 0, -0.091, 0.996, 0, 0, 0, 0, 1, 0, 0, -10, 0, 1); }
  44.27% { -webkit-transform: matrix3d(0.996, 0.086, 0, 0, -0.086, 0.996, 0, 0, 0, 0, 1, 0, 0, -10, 0, 1); transform: matrix3d(0.996, 0.086, 0, 0, -0.086, 0.996, 0, 0, 0, 0, 1, 0, 0, -10, 0, 1); }
  45.06% { -webkit-transform: matrix3d(0.996, 0.087, 0, 0, -0.087, 0.996, 0, 0, 0, 0, 1, 0, 0, -10, 0, 1); transform: matrix3d(0.996, 0.087, 0, 0, -0.087, 0.996, 0, 0, 0, 0, 1, 0, 0, -10, 0, 1); }
  45.86% { -webkit-transform: matrix3d(0.996, 0.087, 0, 0, -0.087, 0.996, 0, 0, 0, 0, 1, 0, 0, -10, 0, 1); transform: matrix3d(0.996, 0.087, 0, 0, -0.087, 0.996, 0, 0, 0, 0, 1, 0, 0, -10, 0, 1); }
  46.33% { -webkit-transform: matrix3d(0.996, 0.087, 0, 0, -0.087, 0.996, 0, 0, 0, 0, 1, 0, 0, -10, 0, 1); transform: matrix3d(0.996, 0.087, 0, 0, -0.087, 0.996, 0, 0, 0, 0, 1, 0, 0, -10, 0, 1); }
  46.43% { -webkit-transform: matrix3d(0.996, 0.087, 0, 0, -0.087, 0.996, 0, 0, 0, 0, 1, 0, 0, -10, 0, 1); transform: matrix3d(0.996, 0.087, 0, 0, -0.087, 0.996, 0, 0, 0, 0, 1, 0, 0, -10, 0, 1); }
  46.43% { -webkit-transform: matrix3d(0.996, 0.087, 0, 0, -0.087, 0.996, 0, 0, 0, 0, 1, 0, 0, -10, 0, 1); transform: matrix3d(0.996, 0.087, 0, 0, -0.087, 0.996, 0, 0, 0, 0, 1, 0, 0, -10, 0, 1); }
  46.58% { -webkit-transform: matrix3d(1, -0.002, 0, 0, 0.002, 1, 0, 0, 0, 0, 1, 0, 0, -10, 0, 1); transform: matrix3d(1, -0.002, 0, 0, 0.002, 1, 0, 0, 0, 0, 1, 0, 0, -10, 0, 1); }
  46.74% { -webkit-transform: matrix3d(0.998, -0.066, 0, 0, 0.066, 0.998, 0, 0, 0, 0, 1, 0, 0, -10, 0, 1); transform: matrix3d(0.998, -0.066, 0, 0, 0.066, 0.998, 0, 0, 0, 0, 1, 0, 0, -10, 0, 1); }
  46.89% { -webkit-transform: matrix3d(0.995, -0.096, 0, 0, 0.096, 0.995, 0, 0, 0, 0, 1, 0, 0, -10, 0, 1); transform: matrix3d(0.995, -0.096, 0, 0, 0.096, 0.995, 0, 0, 0, 0, 1, 0, 0, -10, 0, 1); }
  47.04% { -webkit-transform: matrix3d(0.995, -0.103, 0, 0, 0.103, 0.995, 0, 0, 0, 0, 1, 0, 0, -10, 0, 1); transform: matrix3d(0.995, -0.103, 0, 0, 0.103, 0.995, 0, 0, 0, 0, 1, 0, 0, -10, 0, 1); }
  47.44% { -webkit-transform: matrix3d(0.996, -0.091, 0, 0, 0.091, 0.996, 0, 0, 0, 0, 1, 0, 0, -10, 0, 1); transform: matrix3d(0.996, -0.091, 0, 0, 0.091, 0.996, 0, 0, 0, 0, 1, 0, 0, -10, 0, 1); }
  47.84% { -webkit-transform: matrix3d(0.996, -0.086, 0, 0, 0.086, 0.996, 0, 0, 0, 0, 1, 0, 0, -10, 0, 1); transform: matrix3d(0.996, -0.086, 0, 0, 0.086, 0.996, 0, 0, 0, 0, 1, 0, 0, -10, 0, 1); }
  48.63% { -webkit-transform: matrix3d(0.996, -0.087, 0, 0, 0.087, 0.996, 0, 0, 0, 0, 1, 0, 0, -10, 0, 1); transform: matrix3d(0.996, -0.087, 0, 0, 0.087, 0.996, 0, 0, 0, 0, 1, 0, 0, -10, 0, 1); }
  49.43% { -webkit-transform: matrix3d(0.996, -0.087, 0, 0, 0.087, 0.996, 0, 0, 0, 0, 1, 0, 0, -10, 0, 1); transform: matrix3d(0.996, -0.087, 0, 0, 0.087, 0.996, 0, 0, 0, 0, 1, 0, 0, -10, 0, 1); }
  49.9% { -webkit-transform: matrix3d(0.996, -0.087, 0, 0, 0.087, 0.996, 0, 0, 0, 0, 1, 0, 0, -10, 0, 1); transform: matrix3d(0.996, -0.087, 0, 0, 0.087, 0.996, 0, 0, 0, 0, 1, 0, 0, -10, 0, 1); }
  50% { -webkit-transform: matrix3d(0.996, -0.087, 0, 0, 0.087, 0.996, 0, 0, 0, 0, 1, 0, 0, -10, 0, 1); transform: matrix3d(0.996, -0.087, 0, 0, 0.087, 0.996, 0, 0, 0, 0, 1, 0, 0, -10, 0, 1); }
  50.15% { -webkit-transform: matrix3d(1, 0.002, 0, 0, -0.002, 1, 0, 0, 0, 0, 1, 0, 0, -10, 0, 1); transform: matrix3d(1, 0.002, 0, 0, -0.002, 1, 0, 0, 0, 0, 1, 0, 0, -10, 0, 1); }
  50.31% { -webkit-transform: matrix3d(0.998, 0.066, 0, 0, -0.066, 0.998, 0, 0, 0, 0, 1, 0, 0, -10, 0, 1); transform: matrix3d(0.998, 0.066, 0, 0, -0.066, 0.998, 0, 0, 0, 0, 1, 0, 0, -10, 0, 1); }
  50.46% { -webkit-transform: matrix3d(0.995, 0.096, 0, 0, -0.096, 0.995, 0, 0, 0, 0, 1, 0, 0, -10, 0, 1); transform: matrix3d(0.995, 0.096, 0, 0, -0.096, 0.995, 0, 0, 0, 0, 1, 0, 0, -10, 0, 1); }
  50.61% { -webkit-transform: matrix3d(0.995, 0.103, 0, 0, -0.103, 0.995, 0, 0, 0, 0, 1, 0, 0, -10, 0, 1); transform: matrix3d(0.995, 0.103, 0, 0, -0.103, 0.995, 0, 0, 0, 0, 1, 0, 0, -10, 0, 1); }
  51.01% { -webkit-transform: matrix3d(0.996, 0.091, 0, 0, -0.091, 0.996, 0, 0, 0, 0, 1, 0, 0, -10, 0, 1); transform: matrix3d(0.996, 0.091, 0, 0, -0.091, 0.996, 0, 0, 0, 0, 1, 0, 0, -10, 0, 1); }
  51.41% { -webkit-transform: matrix3d(0.996, 0.086, 0, 0, -0.086, 0.996, 0, 0, 0, 0, 1, 0, 0, -10, 0, 1); transform: matrix3d(0.996, 0.086, 0, 0, -0.086, 0.996, 0, 0, 0, 0, 1, 0, 0, -10, 0, 1); }
  52.2% { -webkit-transform: matrix3d(0.996, 0.087, 0, 0, -0.087, 0.996, 0, 0, 0, 0, 1, 0, 0, -10, 0, 1); transform: matrix3d(0.996, 0.087, 0, 0, -0.087, 0.996, 0, 0, 0, 0, 1, 0, 0, -10, 0, 1); }
  53% { -webkit-transform: matrix3d(0.996, 0.087, 0, 0, -0.087, 0.996, 0, 0, 0, 0, 1, 0, 0, -10, 0, 1); transform: matrix3d(0.996, 0.087, 0, 0, -0.087, 0.996, 0, 0, 0, 0, 1, 0, 0, -10, 0, 1); }
  53.47% { -webkit-transform: matrix3d(0.996, 0.087, 0, 0, -0.087, 0.996, 0, 0, 0, 0, 1, 0, 0, -10, 0, 1); transform: matrix3d(0.996, 0.087, 0, 0, -0.087, 0.996, 0, 0, 0, 0, 1, 0, 0, -10, 0, 1); }
  53.57% { -webkit-transform: matrix3d(0.996, 0.087, 0, 0, -0.087, 0.996, 0, 0, 0, 0, 1, 0, 0, -10, 0, 1); transform: matrix3d(0.996, 0.087, 0, 0, -0.087, 0.996, 0, 0, 0, 0, 1, 0, 0, -10, 0, 1); }
  53.73% { -webkit-transform: matrix3d(1, -0.002, 0, 0, 0.002, 1, 0, 0, 0, 0, 1, 0, 0, -10, 0, 1); transform: matrix3d(1, -0.002, 0, 0, 0.002, 1, 0, 0, 0, 0, 1, 0, 0, -10, 0, 1); }
  53.88% { -webkit-transform: matrix3d(0.998, -0.066, 0, 0, 0.066, 0.998, 0, 0, 0, 0, 1, 0, 0, -10, 0, 1); transform: matrix3d(0.998, -0.066, 0, 0, 0.066, 0.998, 0, 0, 0, 0, 1, 0, 0, -10, 0, 1); }
  54.03% { -webkit-transform: matrix3d(0.995, -0.096, 0, 0, 0.096, 0.995, 0, 0, 0, 0, 1, 0, 0, -10, 0, 1); transform: matrix3d(0.995, -0.096, 0, 0, 0.096, 0.995, 0, 0, 0, 0, 1, 0, 0, -10, 0, 1); }
  54.19% { -webkit-transform: matrix3d(0.995, -0.103, 0, 0, 0.103, 0.995, 0, 0, 0, 0, 1, 0, 0, -10, 0, 1); transform: matrix3d(0.995, -0.103, 0, 0, 0.103, 0.995, 0, 0, 0, 0, 1, 0, 0, -10, 0, 1); }
  54.58% { -webkit-transform: matrix3d(0.996, -0.091, 0, 0, 0.091, 0.996, 0, 0, 0, 0, 1, 0, 0, -10, 0, 1); transform: matrix3d(0.996, -0.091, 0, 0, 0.091, 0.996, 0, 0, 0, 0, 1, 0, 0, -10, 0, 1); }
  54.98% { -webkit-transform: matrix3d(0.996, -0.086, 0, 0, 0.086, 0.996, 0, 0, 0, 0, 1, 0, 0, -10, 0, 1); transform: matrix3d(0.996, -0.086, 0, 0, 0.086, 0.996, 0, 0, 0, 0, 1, 0, 0, -10, 0, 1); }
  55.77% { -webkit-transform: matrix3d(0.996, -0.087, 0, 0, 0.087, 0.996, 0, 0, 0, 0, 1, 0, 0, -10, 0, 1); transform: matrix3d(0.996, -0.087, 0, 0, 0.087, 0.996, 0, 0, 0, 0, 1, 0, 0, -10, 0, 1); }
  56.57% { -webkit-transform: matrix3d(0.996, -0.087, 0, 0, 0.087, 0.996, 0, 0, 0, 0, 1, 0, 0, -10, 0, 1); transform: matrix3d(0.996, -0.087, 0, 0, 0.087, 0.996, 0, 0, 0, 0, 1, 0, 0, -10, 0, 1); }
  57.04% { -webkit-transform: matrix3d(0.996, -0.087, 0, 0, 0.087, 0.996, 0, 0, 0, 0, 1, 0, 0, -10, 0, 1); transform: matrix3d(0.996, -0.087, 0, 0, 0.087, 0.996, 0, 0, 0, 0, 1, 0, 0, -10, 0, 1); }
  57.14% { -webkit-transform: matrix3d(0.996, -0.087, 0, 0, 0.087, 0.996, 0, 0, 0, 0, 1, 0, 0, -10, 0, 1); transform: matrix3d(0.996, -0.087, 0, 0, 0.087, 0.996, 0, 0, 0, 0, 1, 0, 0, -10, 0, 1); }
  57.3% { -webkit-transform: matrix3d(0.999, -0.042, 0, 0, 0.042, 0.999, 0, 0, 0, 0, 1, 0, 0, -10, 0, 1); transform: matrix3d(0.999, -0.042, 0, 0, 0.042, 0.999, 0, 0, 0, 0, 1, 0, 0, -10, 0, 1); }
  57.45% { -webkit-transform: matrix3d(1, -0.011, 0, 0, 0.011, 1, 0, 0, 0, 0, 1, 0, 0, -10, 0, 1); transform: matrix3d(1, -0.011, 0, 0, 0.011, 1, 0, 0, 0, 0, 1, 0, 0, -10, 0, 1); }
  57.6% { -webkit-transform: matrix3d(1, 0.005, 0, 0, -0.005, 1, 0, 0, 0, 0, 1, 0, 0, -10, 0, 1); transform: matrix3d(1, 0.005, 0, 0, -0.005, 1, 0, 0, 0, 0, 1, 0, 0, -10, 0, 1); }
  57.76% { -webkit-transform: matrix3d(1, 0.008, 0, 0, -0.008, 1, 0, 0, 0, 0, 1, 0, 0, -10, 0, 1); transform: matrix3d(1, 0.008, 0, 0, -0.008, 1, 0, 0, 0, 0, 1, 0, 0, -10, 0, 1); }
  58.15% { -webkit-transform: matrix3d(1, 0.002, 0, 0, -0.002, 1, 0, 0, 0, 0, 1, 0, 0, -10, 0, 1); transform: matrix3d(1, 0.002, 0, 0, -0.002, 1, 0, 0, 0, 0, 1, 0, 0, -10, 0, 1); }
  58.55% { -webkit-transform: matrix3d(1, -0.001, 0, 0, 0.001, 1, 0, 0, 0, 0, 1, 0, 0, -10, 0, 1); transform: matrix3d(1, -0.001, 0, 0, 0.001, 1, 0, 0, 0, 0, 1, 0, 0, -10, 0, 1); }
  59.35% { -webkit-transform: matrix3d(1, 0, 0, 0, 0, 1, 0, 0, 0, 0, 1, 0, 0, -10, 0, 1); transform: matrix3d(1, 0, 0, 0, 0, 1, 0, 0, 0, 0, 1, 0, 0, -10, 0, 1); }
  60.14% { -webkit-transform: matrix3d(1, 0, 0, 0, 0, 1, 0, 0, 0, 0, 1, 0, 0, -10, 0, 1); transform: matrix3d(1, 0, 0, 0, 0, 1, 0, 0, 0, 0, 1, 0, 0, -10, 0, 1); }
  60.71% { -webkit-transform: matrix3d(1, 0, 0, 0, 0, 1, 0, 0, 0, 0, 1, 0, 0, -10, 0, 1); transform: matrix3d(1, 0, 0, 0, 0, 1, 0, 0, 0, 0, 1, 0, 0, -10, 0, 1); }
  64.19% { -webkit-transform: matrix3d(1, 0, 0, 0, 0, 1, 0, 0, 0, 0, 1, 0, 0, -10, 0, 1); transform: matrix3d(1, 0, 0, 0, 0, 1, 0, 0, 0, 0, 1, 0, 0, -10, 0, 1); }
  64.29% { -webkit-transform: matrix3d(1, 0, 0, 0, 0, 1, 0, 0, 0, 0, 1, 0, 0, -10, 0, 1); transform: matrix3d(1, 0, 0, 0, 0, 1, 0, 0, 0, 0, 1, 0, 0, -10, 0, 1); }
  65.82% { -webkit-transform: matrix3d(1, 0, 0, 0, 0, 1, 0, 0, 0, 0, 1, 0, 0, -4.857, 0, 1); transform: matrix3d(1, 0, 0, 0, 0, 1, 0, 0, 0, 0, 1, 0, 0, -4.857, 0, 1); }
  67.36% { -webkit-transform: matrix3d(1, 0, 0, 0, 0, 1, 0, 0, 0, 0, 1, 0, 0, -1.214, 0, 1); transform: matrix3d(1, 0, 0, 0, 0, 1, 0, 0, 0, 0, 1, 0, 0, -1.214, 0, 1); }
  68.9% { -webkit-transform: matrix3d(1, 0, 0, 0, 0, 1, 0, 0, 0, 0, 1, 0, 0, 0.523, 0, 1); transform: matrix3d(1, 0, 0, 0, 0, 1, 0, 0, 0, 0, 1, 0, 0, 0.523, 0, 1); }
  70.43% { -webkit-transform: matrix3d(1, 0, 0, 0, 0, 1, 0, 0, 0, 0, 1, 0, 0, 0.933, 0, 1); transform: matrix3d(1, 0, 0, 0, 0, 1, 0, 0, 0, 0, 1, 0, 0, 0.933, 0, 1); }
  74.4% { -webkit-transform: matrix3d(1, 0, 0, 0, 0, 1, 0, 0, 0, 0, 1, 0, 0, 0.206, 0, 1); transform: matrix3d(1, 0, 0, 0, 0, 1, 0, 0, 0, 0, 1, 0, 0, 0.206, 0, 1); }
  78.37% { -webkit-transform: matrix3d(1, 0, 0, 0, 0, 1, 0, 0, 0, 0, 1, 0, 0, -0.062, 0, 1); transform: matrix3d(1, 0, 0, 0, 0, 1, 0, 0, 0, 0, 1, 0, 0, -0.062, 0, 1); }
  86.31% { -webkit-transform: matrix3d(1, 0, 0, 0, 0, 1, 0, 0, 0, 0, 1, 0, 0, 0.004, 0, 1); transform: matrix3d(1, 0, 0, 0, 0, 1, 0, 0, 0, 0, 1, 0, 0, 0.004, 0, 1); }
  94.28% { -webkit-transform: matrix3d(1, 0, 0, 0, 0, 1, 0, 0, 0, 0, 1, 0, 0, 0, 0, 1); transform: matrix3d(1, 0, 0, 0, 0, 1, 0, 0, 0, 0, 1, 0, 0, 0, 0, 1); }
  100% { -webkit-transform: matrix3d(1, 0, 0, 0, 0, 1, 0, 0, 0, 0, 1, 0, 0, 0, 0, 1); transform: matrix3d(1, 0, 0, 0, 0, 1, 0, 0, 0, 0, 1, 0, 0, 0, 0, 1); } 
}

@keyframes animation { 
  0% { -webkit-transform: matrix3d(1, 0, 0, 0, 0, 1, 0, 0, 0, 0, 1, 0, 0, 0, 0, 1); transform: matrix3d(1, 0, 0, 0, 0, 1, 0, 0, 0, 0, 1, 0, 0, 0, 0, 1); }
  17.76% { -webkit-transform: matrix3d(1, 0, 0, 0, 0, 1, 0, 0, 0, 0, 1, 0, 0, 0, 0, 1); transform: matrix3d(1, 0, 0, 0, 0, 1, 0, 0, 0, 0, 1, 0, 0, 0, 0, 1); }
  17.86% { -webkit-transform: matrix3d(1, 0, 0, 0, 0, 1, 0, 0, 0, 0, 1, 0, 0, 0, 0, 1); transform: matrix3d(1, 0, 0, 0, 0, 1, 0, 0, 0, 0, 1, 0, 0, 0, 0, 1); }
  18.63% { -webkit-transform: matrix3d(1, 0, 0, 0, 0, 1, 0, 0, 0, 0, 1, 0, 0, -5.143, 0, 1); transform: matrix3d(1, 0, 0, 0, 0, 1, 0, 0, 0, 0, 1, 0, 0, -5.143, 0, 1); }
  19.39% { -webkit-transform: matrix3d(1, 0, 0, 0, 0, 1, 0, 0, 0, 0, 1, 0, 0, -8.786, 0, 1); transform: matrix3d(1, 0, 0, 0, 0, 1, 0, 0, 0, 0, 1, 0, 0, -8.786, 0, 1); }
  20.16% { -webkit-transform: matrix3d(1, 0, 0, 0, 0, 1, 0, 0, 0, 0, 1, 0, 0, -10.523, 0, 1); transform: matrix3d(1, 0, 0, 0, 0, 1, 0, 0, 0, 0, 1, 0, 0, -10.523, 0, 1); }
  20.93% { -webkit-transform: matrix3d(1, 0, 0, 0, 0, 1, 0, 0, 0, 0, 1, 0, 0, -10.933, 0, 1); transform: matrix3d(1, 0, 0, 0, 0, 1, 0, 0, 0, 0, 1, 0, 0, -10.933, 0, 1); }
  22.92% { -webkit-transform: matrix3d(1, 0, 0, 0, 0, 1, 0, 0, 0, 0, 1, 0, 0, -10.206, 0, 1); transform: matrix3d(1, 0, 0, 0, 0, 1, 0, 0, 0, 0, 1, 0, 0, -10.206, 0, 1); }
  24.9% { -webkit-transform: matrix3d(1, 0, 0, 0, 0, 1, 0, 0, 0, 0, 1, 0, 0, -9.938, 0, 1); transform: matrix3d(1, 0, 0, 0, 0, 1, 0, 0, 0, 0, 1, 0, 0, -9.938, 0, 1); }
  28.87% { -webkit-transform: matrix3d(1, 0, 0, 0, 0, 1, 0, 0, 0, 0, 1, 0, 0, -10.004, 0, 1); transform: matrix3d(1, 0, 0, 0, 0, 1, 0, 0, 0, 0, 1, 0, 0, -10.004, 0, 1); }
  32.85% { -webkit-transform: matrix3d(1, 0, 0, 0, 0, 1, 0, 0, 0, 0, 1, 0, 0, -10, 0, 1); transform: matrix3d(1, 0, 0, 0, 0, 1, 0, 0, 0, 0, 1, 0, 0, -10, 0, 1); }
  35.61% { -webkit-transform: matrix3d(1, 0, 0, 0, 0, 1, 0, 0, 0, 0, 1, 0, 0, -10, 0, 1); transform: matrix3d(1, 0, 0, 0, 0, 1, 0, 0, 0, 0, 1, 0, 0, -10, 0, 1); }
  35.71% { -webkit-transform: matrix3d(1, 0, 0, 0, 0, 1, 0, 0, 0, 0, 1, 0, 0, -10, 0, 1); transform: matrix3d(1, 0, 0, 0, 0, 1, 0, 0, 0, 0, 1, 0, 0, -10, 0, 1); }
  35.87% { -webkit-transform: matrix3d(0.999, 0.045, 0, 0, -0.045, 0.999, 0, 0, 0, 0, 1, 0, 0, -10, 0, 1); transform: matrix3d(0.999, 0.045, 0, 0, -0.045, 0.999, 0, 0, 0, 0, 1, 0, 0, -10, 0, 1); }
  36.02% { -webkit-transform: matrix3d(0.997, 0.077, 0, 0, -0.077, 0.997, 0, 0, 0, 0, 1, 0, 0, -10, 0, 1); transform: matrix3d(0.997, 0.077, 0, 0, -0.077, 0.997, 0, 0, 0, 0, 1, 0, 0, -10, 0, 1); }
  36.18% { -webkit-transform: matrix3d(0.996, 0.092, 0, 0, -0.092, 0.996, 0, 0, 0, 0, 1, 0, 0, -10, 0, 1); transform: matrix3d(0.996, 0.092, 0, 0, -0.092, 0.996, 0, 0, 0, 0, 1, 0, 0, -10, 0, 1); }
  36.33% { -webkit-transform: matrix3d(0.995, 0.095, 0, 0, -0.095, 0.995, 0, 0, 0, 0, 1, 0, 0, -10, 0, 1); transform: matrix3d(0.995, 0.095, 0, 0, -0.095, 0.995, 0, 0, 0, 0, 1, 0, 0, -10, 0, 1); }
  36.73% { -webkit-transform: matrix3d(0.996, 0.089, 0, 0, -0.089, 0.996, 0, 0, 0, 0, 1, 0, 0, -10, 0, 1); transform: matrix3d(0.996, 0.089, 0, 0, -0.089, 0.996, 0, 0, 0, 0, 1, 0, 0, -10, 0, 1); }
  37.12% { -webkit-transform: matrix3d(0.996, 0.087, 0, 0, -0.087, 0.996, 0, 0, 0, 0, 1, 0, 0, -10, 0, 1); transform: matrix3d(0.996, 0.087, 0, 0, -0.087, 0.996, 0, 0, 0, 0, 1, 0, 0, -10, 0, 1); }
  37.92% { -webkit-transform: matrix3d(0.996, 0.087, 0, 0, -0.087, 0.996, 0, 0, 0, 0, 1, 0, 0, -10, 0, 1); transform: matrix3d(0.996, 0.087, 0, 0, -0.087, 0.996, 0, 0, 0, 0, 1, 0, 0, -10, 0, 1); }
  38.71% { -webkit-transform: matrix3d(0.996, 0.087, 0, 0, -0.087, 0.996, 0, 0, 0, 0, 1, 0, 0, -10, 0, 1); transform: matrix3d(0.996, 0.087, 0, 0, -0.087, 0.996, 0, 0, 0, 0, 1, 0, 0, -10, 0, 1); }
  39.19% { -webkit-transform: matrix3d(0.996, 0.087, 0, 0, -0.087, 0.996, 0, 0, 0, 0, 1, 0, 0, -10, 0, 1); transform: matrix3d(0.996, 0.087, 0, 0, -0.087, 0.996, 0, 0, 0, 0, 1, 0, 0, -10, 0, 1); }
  39.29% { -webkit-transform: matrix3d(0.996, 0.087, 0, 0, -0.087, 0.996, 0, 0, 0, 0, 1, 0, 0, -10, 0, 1); transform: matrix3d(0.996, 0.087, 0, 0, -0.087, 0.996, 0, 0, 0, 0, 1, 0, 0, -10, 0, 1); }
  39.44% { -webkit-transform: matrix3d(1, -0.002, 0, 0, 0.002, 1, 0, 0, 0, 0, 1, 0, 0, -10, 0, 1); transform: matrix3d(1, -0.002, 0, 0, 0.002, 1, 0, 0, 0, 0, 1, 0, 0, -10, 0, 1); }
  39.59% { -webkit-transform: matrix3d(0.998, -0.066, 0, 0, 0.066, 0.998, 0, 0, 0, 0, 1, 0, 0, -10, 0, 1); transform: matrix3d(0.998, -0.066, 0, 0, 0.066, 0.998, 0, 0, 0, 0, 1, 0, 0, -10, 0, 1); }
  39.75% { -webkit-transform: matrix3d(0.995, -0.096, 0, 0, 0.096, 0.995, 0, 0, 0, 0, 1, 0, 0, -10, 0, 1); transform: matrix3d(0.995, -0.096, 0, 0, 0.096, 0.995, 0, 0, 0, 0, 1, 0, 0, -10, 0, 1); }
  39.9% { -webkit-transform: matrix3d(0.995, -0.103, 0, 0, 0.103, 0.995, 0, 0, 0, 0, 1, 0, 0, -10, 0, 1); transform: matrix3d(0.995, -0.103, 0, 0, 0.103, 0.995, 0, 0, 0, 0, 1, 0, 0, -10, 0, 1); }
  40.3% { -webkit-transform: matrix3d(0.996, -0.091, 0, 0, 0.091, 0.996, 0, 0, 0, 0, 1, 0, 0, -10, 0, 1); transform: matrix3d(0.996, -0.091, 0, 0, 0.091, 0.996, 0, 0, 0, 0, 1, 0, 0, -10, 0, 1); }
  40.69% { -webkit-transform: matrix3d(0.996, -0.086, 0, 0, 0.086, 0.996, 0, 0, 0, 0, 1, 0, 0, -10, 0, 1); transform: matrix3d(0.996, -0.086, 0, 0, 0.086, 0.996, 0, 0, 0, 0, 1, 0, 0, -10, 0, 1); }
  41.49% { -webkit-transform: matrix3d(0.996, -0.087, 0, 0, 0.087, 0.996, 0, 0, 0, 0, 1, 0, 0, -10, 0, 1); transform: matrix3d(0.996, -0.087, 0, 0, 0.087, 0.996, 0, 0, 0, 0, 1, 0, 0, -10, 0, 1); }
  42.29% { -webkit-transform: matrix3d(0.996, -0.087, 0, 0, 0.087, 0.996, 0, 0, 0, 0, 1, 0, 0, -10, 0, 1); transform: matrix3d(0.996, -0.087, 0, 0, 0.087, 0.996, 0, 0, 0, 0, 1, 0, 0, -10, 0, 1); }
  42.76% { -webkit-transform: matrix3d(0.996, -0.087, 0, 0, 0.087, 0.996, 0, 0, 0, 0, 1, 0, 0, -10, 0, 1); transform: matrix3d(0.996, -0.087, 0, 0, 0.087, 0.996, 0, 0, 0, 0, 1, 0, 0, -10, 0, 1); }
  42.86% { -webkit-transform: matrix3d(0.996, -0.087, 0, 0, 0.087, 0.996, 0, 0, 0, 0, 1, 0, 0, -10, 0, 1); transform: matrix3d(0.996, -0.087, 0, 0, 0.087, 0.996, 0, 0, 0, 0, 1, 0, 0, -10, 0, 1); }
  43.01% { -webkit-transform: matrix3d(1, 0.002, 0, 0, -0.002, 1, 0, 0, 0, 0, 1, 0, 0, -10, 0, 1); transform: matrix3d(1, 0.002, 0, 0, -0.002, 1, 0, 0, 0, 0, 1, 0, 0, -10, 0, 1); }
  43.16% { -webkit-transform: matrix3d(0.998, 0.066, 0, 0, -0.066, 0.998, 0, 0, 0, 0, 1, 0, 0, -10, 0, 1); transform: matrix3d(0.998, 0.066, 0, 0, -0.066, 0.998, 0, 0, 0, 0, 1, 0, 0, -10, 0, 1); }
  43.32% { -webkit-transform: matrix3d(0.995, 0.096, 0, 0, -0.096, 0.995, 0, 0, 0, 0, 1, 0, 0, -10, 0, 1); transform: matrix3d(0.995, 0.096, 0, 0, -0.096, 0.995, 0, 0, 0, 0, 1, 0, 0, -10, 0, 1); }
  43.47% { -webkit-transform: matrix3d(0.995, 0.103, 0, 0, -0.103, 0.995, 0, 0, 0, 0, 1, 0, 0, -10, 0, 1); transform: matrix3d(0.995, 0.103, 0, 0, -0.103, 0.995, 0, 0, 0, 0, 1, 0, 0, -10, 0, 1); }
  43.87% { -webkit-transform: matrix3d(0.996, 0.091, 0, 0, -0.091, 0.996, 0, 0, 0, 0, 1, 0, 0, -10, 0, 1); transform: matrix3d(0.996, 0.091, 0, 0, -0.091, 0.996, 0, 0, 0, 0, 1, 0, 0, -10, 0, 1); }
  44.27% { -webkit-transform: matrix3d(0.996, 0.086, 0, 0, -0.086, 0.996, 0, 0, 0, 0, 1, 0, 0, -10, 0, 1); transform: matrix3d(0.996, 0.086, 0, 0, -0.086, 0.996, 0, 0, 0, 0, 1, 0, 0, -10, 0, 1); }
  45.06% { -webkit-transform: matrix3d(0.996, 0.087, 0, 0, -0.087, 0.996, 0, 0, 0, 0, 1, 0, 0, -10, 0, 1); transform: matrix3d(0.996, 0.087, 0, 0, -0.087, 0.996, 0, 0, 0, 0, 1, 0, 0, -10, 0, 1); }
  45.86% { -webkit-transform: matrix3d(0.996, 0.087, 0, 0, -0.087, 0.996, 0, 0, 0, 0, 1, 0, 0, -10, 0, 1); transform: matrix3d(0.996, 0.087, 0, 0, -0.087, 0.996, 0, 0, 0, 0, 1, 0, 0, -10, 0, 1); }
  46.33% { -webkit-transform: matrix3d(0.996, 0.087, 0, 0, -0.087, 0.996, 0, 0, 0, 0, 1, 0, 0, -10, 0, 1); transform: matrix3d(0.996, 0.087, 0, 0, -0.087, 0.996, 0, 0, 0, 0, 1, 0, 0, -10, 0, 1); }
  46.43% { -webkit-transform: matrix3d(0.996, 0.087, 0, 0, -0.087, 0.996, 0, 0, 0, 0, 1, 0, 0, -10, 0, 1); transform: matrix3d(0.996, 0.087, 0, 0, -0.087, 0.996, 0, 0, 0, 0, 1, 0, 0, -10, 0, 1); }
  46.43% { -webkit-transform: matrix3d(0.996, 0.087, 0, 0, -0.087, 0.996, 0, 0, 0, 0, 1, 0, 0, -10, 0, 1); transform: matrix3d(0.996, 0.087, 0, 0, -0.087, 0.996, 0, 0, 0, 0, 1, 0, 0, -10, 0, 1); }
  46.58% { -webkit-transform: matrix3d(1, -0.002, 0, 0, 0.002, 1, 0, 0, 0, 0, 1, 0, 0, -10, 0, 1); transform: matrix3d(1, -0.002, 0, 0, 0.002, 1, 0, 0, 0, 0, 1, 0, 0, -10, 0, 1); }
  46.74% { -webkit-transform: matrix3d(0.998, -0.066, 0, 0, 0.066, 0.998, 0, 0, 0, 0, 1, 0, 0, -10, 0, 1); transform: matrix3d(0.998, -0.066, 0, 0, 0.066, 0.998, 0, 0, 0, 0, 1, 0, 0, -10, 0, 1); }
  46.89% { -webkit-transform: matrix3d(0.995, -0.096, 0, 0, 0.096, 0.995, 0, 0, 0, 0, 1, 0, 0, -10, 0, 1); transform: matrix3d(0.995, -0.096, 0, 0, 0.096, 0.995, 0, 0, 0, 0, 1, 0, 0, -10, 0, 1); }
  47.04% { -webkit-transform: matrix3d(0.995, -0.103, 0, 0, 0.103, 0.995, 0, 0, 0, 0, 1, 0, 0, -10, 0, 1); transform: matrix3d(0.995, -0.103, 0, 0, 0.103, 0.995, 0, 0, 0, 0, 1, 0, 0, -10, 0, 1); }
  47.44% { -webkit-transform: matrix3d(0.996, -0.091, 0, 0, 0.091, 0.996, 0, 0, 0, 0, 1, 0, 0, -10, 0, 1); transform: matrix3d(0.996, -0.091, 0, 0, 0.091, 0.996, 0, 0, 0, 0, 1, 0, 0, -10, 0, 1); }
  47.84% { -webkit-transform: matrix3d(0.996, -0.086, 0, 0, 0.086, 0.996, 0, 0, 0, 0, 1, 0, 0, -10, 0, 1); transform: matrix3d(0.996, -0.086, 0, 0, 0.086, 0.996, 0, 0, 0, 0, 1, 0, 0, -10, 0, 1); }
  48.63% { -webkit-transform: matrix3d(0.996, -0.087, 0, 0, 0.087, 0.996, 0, 0, 0, 0, 1, 0, 0, -10, 0, 1); transform: matrix3d(0.996, -0.087, 0, 0, 0.087, 0.996, 0, 0, 0, 0, 1, 0, 0, -10, 0, 1); }
  49.43% { -webkit-transform: matrix3d(0.996, -0.087, 0, 0, 0.087, 0.996, 0, 0, 0, 0, 1, 0, 0, -10, 0, 1); transform: matrix3d(0.996, -0.087, 0, 0, 0.087, 0.996, 0, 0, 0, 0, 1, 0, 0, -10, 0, 1); }
  49.9% { -webkit-transform: matrix3d(0.996, -0.087, 0, 0, 0.087, 0.996, 0, 0, 0, 0, 1, 0, 0, -10, 0, 1); transform: matrix3d(0.996, -0.087, 0, 0, 0.087, 0.996, 0, 0, 0, 0, 1, 0, 0, -10, 0, 1); }
  50% { -webkit-transform: matrix3d(0.996, -0.087, 0, 0, 0.087, 0.996, 0, 0, 0, 0, 1, 0, 0, -10, 0, 1); transform: matrix3d(0.996, -0.087, 0, 0, 0.087, 0.996, 0, 0, 0, 0, 1, 0, 0, -10, 0, 1); }
  50.15% { -webkit-transform: matrix3d(1, 0.002, 0, 0, -0.002, 1, 0, 0, 0, 0, 1, 0, 0, -10, 0, 1); transform: matrix3d(1, 0.002, 0, 0, -0.002, 1, 0, 0, 0, 0, 1, 0, 0, -10, 0, 1); }
  50.31% { -webkit-transform: matrix3d(0.998, 0.066, 0, 0, -0.066, 0.998, 0, 0, 0, 0, 1, 0, 0, -10, 0, 1); transform: matrix3d(0.998, 0.066, 0, 0, -0.066, 0.998, 0, 0, 0, 0, 1, 0, 0, -10, 0, 1); }
  50.46% { -webkit-transform: matrix3d(0.995, 0.096, 0, 0, -0.096, 0.995, 0, 0, 0, 0, 1, 0, 0, -10, 0, 1); transform: matrix3d(0.995, 0.096, 0, 0, -0.096, 0.995, 0, 0, 0, 0, 1, 0, 0, -10, 0, 1); }
  50.61% { -webkit-transform: matrix3d(0.995, 0.103, 0, 0, -0.103, 0.995, 0, 0, 0, 0, 1, 0, 0, -10, 0, 1); transform: matrix3d(0.995, 0.103, 0, 0, -0.103, 0.995, 0, 0, 0, 0, 1, 0, 0, -10, 0, 1); }
  51.01% { -webkit-transform: matrix3d(0.996, 0.091, 0, 0, -0.091, 0.996, 0, 0, 0, 0, 1, 0, 0, -10, 0, 1); transform: matrix3d(0.996, 0.091, 0, 0, -0.091, 0.996, 0, 0, 0, 0, 1, 0, 0, -10, 0, 1); }
  51.41% { -webkit-transform: matrix3d(0.996, 0.086, 0, 0, -0.086, 0.996, 0, 0, 0, 0, 1, 0, 0, -10, 0, 1); transform: matrix3d(0.996, 0.086, 0, 0, -0.086, 0.996, 0, 0, 0, 0, 1, 0, 0, -10, 0, 1); }
  52.2% { -webkit-transform: matrix3d(0.996, 0.087, 0, 0, -0.087, 0.996, 0, 0, 0, 0, 1, 0, 0, -10, 0, 1); transform: matrix3d(0.996, 0.087, 0, 0, -0.087, 0.996, 0, 0, 0, 0, 1, 0, 0, -10, 0, 1); }
  53% { -webkit-transform: matrix3d(0.996, 0.087, 0, 0, -0.087, 0.996, 0, 0, 0, 0, 1, 0, 0, -10, 0, 1); transform: matrix3d(0.996, 0.087, 0, 0, -0.087, 0.996, 0, 0, 0, 0, 1, 0, 0, -10, 0, 1); }
  53.47% { -webkit-transform: matrix3d(0.996, 0.087, 0, 0, -0.087, 0.996, 0, 0, 0, 0, 1, 0, 0, -10, 0, 1); transform: matrix3d(0.996, 0.087, 0, 0, -0.087, 0.996, 0, 0, 0, 0, 1, 0, 0, -10, 0, 1); }
  53.57% { -webkit-transform: matrix3d(0.996, 0.087, 0, 0, -0.087, 0.996, 0, 0, 0, 0, 1, 0, 0, -10, 0, 1); transform: matrix3d(0.996, 0.087, 0, 0, -0.087, 0.996, 0, 0, 0, 0, 1, 0, 0, -10, 0, 1); }
  53.73% { -webkit-transform: matrix3d(1, -0.002, 0, 0, 0.002, 1, 0, 0, 0, 0, 1, 0, 0, -10, 0, 1); transform: matrix3d(1, -0.002, 0, 0, 0.002, 1, 0, 0, 0, 0, 1, 0, 0, -10, 0, 1); }
  53.88% { -webkit-transform: matrix3d(0.998, -0.066, 0, 0, 0.066, 0.998, 0, 0, 0, 0, 1, 0, 0, -10, 0, 1); transform: matrix3d(0.998, -0.066, 0, 0, 0.066, 0.998, 0, 0, 0, 0, 1, 0, 0, -10, 0, 1); }
  54.03% { -webkit-transform: matrix3d(0.995, -0.096, 0, 0, 0.096, 0.995, 0, 0, 0, 0, 1, 0, 0, -10, 0, 1); transform: matrix3d(0.995, -0.096, 0, 0, 0.096, 0.995, 0, 0, 0, 0, 1, 0, 0, -10, 0, 1); }
  54.19% { -webkit-transform: matrix3d(0.995, -0.103, 0, 0, 0.103, 0.995, 0, 0, 0, 0, 1, 0, 0, -10, 0, 1); transform: matrix3d(0.995, -0.103, 0, 0, 0.103, 0.995, 0, 0, 0, 0, 1, 0, 0, -10, 0, 1); }
  54.58% { -webkit-transform: matrix3d(0.996, -0.091, 0, 0, 0.091, 0.996, 0, 0, 0, 0, 1, 0, 0, -10, 0, 1); transform: matrix3d(0.996, -0.091, 0, 0, 0.091, 0.996, 0, 0, 0, 0, 1, 0, 0, -10, 0, 1); }
  54.98% { -webkit-transform: matrix3d(0.996, -0.086, 0, 0, 0.086, 0.996, 0, 0, 0, 0, 1, 0, 0, -10, 0, 1); transform: matrix3d(0.996, -0.086, 0, 0, 0.086, 0.996, 0, 0, 0, 0, 1, 0, 0, -10, 0, 1); }
  55.77% { -webkit-transform: matrix3d(0.996, -0.087, 0, 0, 0.087, 0.996, 0, 0, 0, 0, 1, 0, 0, -10, 0, 1); transform: matrix3d(0.996, -0.087, 0, 0, 0.087, 0.996, 0, 0, 0, 0, 1, 0, 0, -10, 0, 1); }
  56.57% { -webkit-transform: matrix3d(0.996, -0.087, 0, 0, 0.087, 0.996, 0, 0, 0, 0, 1, 0, 0, -10, 0, 1); transform: matrix3d(0.996, -0.087, 0, 0, 0.087, 0.996, 0, 0, 0, 0, 1, 0, 0, -10, 0, 1); }
  57.04% { -webkit-transform: matrix3d(0.996, -0.087, 0, 0, 0.087, 0.996, 0, 0, 0, 0, 1, 0, 0, -10, 0, 1); transform: matrix3d(0.996, -0.087, 0, 0, 0.087, 0.996, 0, 0, 0, 0, 1, 0, 0, -10, 0, 1); }
  57.14% { -webkit-transform: matrix3d(0.996, -0.087, 0, 0, 0.087, 0.996, 0, 0, 0, 0, 1, 0, 0, -10, 0, 1); transform: matrix3d(0.996, -0.087, 0, 0, 0.087, 0.996, 0, 0, 0, 0, 1, 0, 0, -10, 0, 1); }
  57.3% { -webkit-transform: matrix3d(0.999, -0.042, 0, 0, 0.042, 0.999, 0, 0, 0, 0, 1, 0, 0, -10, 0, 1); transform: matrix3d(0.999, -0.042, 0, 0, 0.042, 0.999, 0, 0, 0, 0, 1, 0, 0, -10, 0, 1); }
  57.45% { -webkit-transform: matrix3d(1, -0.011, 0, 0, 0.011, 1, 0, 0, 0, 0, 1, 0, 0, -10, 0, 1); transform: matrix3d(1, -0.011, 0, 0, 0.011, 1, 0, 0, 0, 0, 1, 0, 0, -10, 0, 1); }
  57.6% { -webkit-transform: matrix3d(1, 0.005, 0, 0, -0.005, 1, 0, 0, 0, 0, 1, 0, 0, -10, 0, 1); transform: matrix3d(1, 0.005, 0, 0, -0.005, 1, 0, 0, 0, 0, 1, 0, 0, -10, 0, 1); }
  57.76% { -webkit-transform: matrix3d(1, 0.008, 0, 0, -0.008, 1, 0, 0, 0, 0, 1, 0, 0, -10, 0, 1); transform: matrix3d(1, 0.008, 0, 0, -0.008, 1, 0, 0, 0, 0, 1, 0, 0, -10, 0, 1); }
  58.15% { -webkit-transform: matrix3d(1, 0.002, 0, 0, -0.002, 1, 0, 0, 0, 0, 1, 0, 0, -10, 0, 1); transform: matrix3d(1, 0.002, 0, 0, -0.002, 1, 0, 0, 0, 0, 1, 0, 0, -10, 0, 1); }
  58.55% { -webkit-transform: matrix3d(1, -0.001, 0, 0, 0.001, 1, 0, 0, 0, 0, 1, 0, 0, -10, 0, 1); transform: matrix3d(1, -0.001, 0, 0, 0.001, 1, 0, 0, 0, 0, 1, 0, 0, -10, 0, 1); }
  59.35% { -webkit-transform: matrix3d(1, 0, 0, 0, 0, 1, 0, 0, 0, 0, 1, 0, 0, -10, 0, 1); transform: matrix3d(1, 0, 0, 0, 0, 1, 0, 0, 0, 0, 1, 0, 0, -10, 0, 1); }
  60.14% { -webkit-transform: matrix3d(1, 0, 0, 0, 0, 1, 0, 0, 0, 0, 1, 0, 0, -10, 0, 1); transform: matrix3d(1, 0, 0, 0, 0, 1, 0, 0, 0, 0, 1, 0, 0, -10, 0, 1); }
  60.71% { -webkit-transform: matrix3d(1, 0, 0, 0, 0, 1, 0, 0, 0, 0, 1, 0, 0, -10, 0, 1); transform: matrix3d(1, 0, 0, 0, 0, 1, 0, 0, 0, 0, 1, 0, 0, -10, 0, 1); }
  64.19% { -webkit-transform: matrix3d(1, 0, 0, 0, 0, 1, 0, 0, 0, 0, 1, 0, 0, -10, 0, 1); transform: matrix3d(1, 0, 0, 0, 0, 1, 0, 0, 0, 0, 1, 0, 0, -10, 0, 1); }
  64.29% { -webkit-transform: matrix3d(1, 0, 0, 0, 0, 1, 0, 0, 0, 0, 1, 0, 0, -10, 0, 1); transform: matrix3d(1, 0, 0, 0, 0, 1, 0, 0, 0, 0, 1, 0, 0, -10, 0, 1); }
  65.82% { -webkit-transform: matrix3d(1, 0, 0, 0, 0, 1, 0, 0, 0, 0, 1, 0, 0, -4.857, 0, 1); transform: matrix3d(1, 0, 0, 0, 0, 1, 0, 0, 0, 0, 1, 0, 0, -4.857, 0, 1); }
  67.36% { -webkit-transform: matrix3d(1, 0, 0, 0, 0, 1, 0, 0, 0, 0, 1, 0, 0, -1.214, 0, 1); transform: matrix3d(1, 0, 0, 0, 0, 1, 0, 0, 0, 0, 1, 0, 0, -1.214, 0, 1); }
  68.9% { -webkit-transform: matrix3d(1, 0, 0, 0, 0, 1, 0, 0, 0, 0, 1, 0, 0, 0.523, 0, 1); transform: matrix3d(1, 0, 0, 0, 0, 1, 0, 0, 0, 0, 1, 0, 0, 0.523, 0, 1); }
  70.43% { -webkit-transform: matrix3d(1, 0, 0, 0, 0, 1, 0, 0, 0, 0, 1, 0, 0, 0.933, 0, 1); transform: matrix3d(1, 0, 0, 0, 0, 1, 0, 0, 0, 0, 1, 0, 0, 0.933, 0, 1); }
  74.4% { -webkit-transform: matrix3d(1, 0, 0, 0, 0, 1, 0, 0, 0, 0, 1, 0, 0, 0.206, 0, 1); transform: matrix3d(1, 0, 0, 0, 0, 1, 0, 0, 0, 0, 1, 0, 0, 0.206, 0, 1); }
  78.37% { -webkit-transform: matrix3d(1, 0, 0, 0, 0, 1, 0, 0, 0, 0, 1, 0, 0, -0.062, 0, 1); transform: matrix3d(1, 0, 0, 0, 0, 1, 0, 0, 0, 0, 1, 0, 0, -0.062, 0, 1); }
  86.31% { -webkit-transform: matrix3d(1, 0, 0, 0, 0, 1, 0, 0, 0, 0, 1, 0, 0, 0.004, 0, 1); transform: matrix3d(1, 0, 0, 0, 0, 1, 0, 0, 0, 0, 1, 0, 0, 0.004, 0, 1); }
  94.28% { -webkit-transform: matrix3d(1, 0, 0, 0, 0, 1, 0, 0, 0, 0, 1, 0, 0, 0, 0, 1); transform: matrix3d(1, 0, 0, 0, 0, 1, 0, 0, 0, 0, 1, 0, 0, 0, 0, 1); }
  100% { -webkit-transform: matrix3d(1, 0, 0, 0, 0, 1, 0, 0, 0, 0, 1, 0, 0, 0, 0, 1); transform: matrix3d(1, 0, 0, 0, 0, 1, 0, 0, 0, 0, 1, 0, 0, 0, 0, 1); } 
}
	</style>
</html>